v 20081231 1
C 40000 40000 0 0 0 title-B.sym
C 43500 44800 1 0 0 ATmega8-2.sym
{
T 43600 49500 5 10 0 0 0 0 1
footprint=DIL28
T 43600 50300 5 10 0 0 0 0 1
device=ATmega8
}
C 43000 46000 1 90 0 crystal-1.sym
{
T 42500 46200 5 10 0 0 90 0 1
device=CRYSTAL
T 42700 46200 5 10 1 1 90 0 1
refdes=8mhz
T 42300 46200 5 10 0 0 90 0 1
symversion=0.1
}
N 43500 46000 43500 46200 4
N 42700 46700 43500 46700 4
N 43500 46700 43500 46500 4
C 40200 48700 1 0 0 vcc-1.sym
C 41400 45500 1 0 0 gnd-1.sym
C 47000 46800 1 0 0 gnd-1.sym
C 46600 46500 1 0 0 vcc-1.sym
C 41800 46500 1 0 0 capacitor-1.sym
{
T 42000 47200 5 10 0 0 0 0 1
device=CAPACITOR
T 42000 47000 5 10 1 1 0 0 1
refdes=27p
T 42000 47400 5 10 0 0 0 0 1
symversion=0.1
}
C 41800 45800 1 0 0 capacitor-1.sym
{
T 42000 46500 5 10 0 0 0 0 1
device=CAPACITOR
T 42000 46300 5 10 1 1 0 0 1
refdes=27p
T 42000 46700 5 10 0 0 0 0 1
symversion=0.1
}
N 42700 46000 43500 46000 4
N 41800 46000 41500 46000 4
N 41500 46700 41800 46700 4
N 41500 45800 41500 47200 4
N 41500 47200 42600 47200 4
N 42600 46800 42600 47200 4
N 42600 46800 43500 46800 4
N 40400 48700 40400 47400 4
N 42800 47100 42800 47400 4
N 42800 47100 43500 47100 4
N 46100 47100 47100 47100 4
N 46800 46600 46800 46500 4
C 40900 48000 1 90 0 resistor-1.sym
{
T 40500 48300 5 10 0 0 90 0 1
device=RESISTOR
T 40600 48200 5 10 1 1 90 0 1
refdes=10k
}
N 40800 49500 43500 49500 4
N 40800 47400 40800 48000 4
C 40800 50100 1 0 0 switch-pushbutton-no-1.sym
{
T 41200 50400 5 10 1 1 0 0 1
refdes=S?
T 41200 50700 5 10 0 0 0 0 1
device=SWITCH_PUSHBUTTON_NO
}
C 41700 49600 1 0 0 gnd-1.sym
N 41800 49900 41800 50100 4
N 40800 48900 40800 50100 4
C 41800 49200 1 180 0 connector2-2.sym
{
T 41100 47900 5 10 1 1 180 6 1
refdes=UART
T 41500 47950 5 10 0 0 180 0 1
device=CONNECTOR_2
T 41500 47750 5 10 0 0 180 0 1
footprint=SIP2N
}
N 40400 47400 42800 47400 4
N 43500 49500 43500 48900 4
N 41800 48800 43500 48800 4
N 43500 48800 43500 48600 4
N 41800 48400 43500 48400 4
N 43500 48400 43500 48300 4
C 40100 41000 1 0 0 transformer-1.sym
{
T 40400 42300 5 10 1 1 0 0 1
refdes=T?
T 40400 42300 5 10 0 0 0 0 1
device=transformer
}
C 42400 41800 1 0 0 diode-1.sym
{
T 42800 42400 5 10 0 0 0 0 1
device=DIODE
T 42700 42300 5 10 1 1 0 0 1
refdes=D?
}
C 42400 41000 1 0 0 diode-1.sym
{
T 42800 41600 5 10 0 0 0 0 1
device=DIODE
T 42700 41500 5 10 1 1 0 0 1
refdes=D?
}
C 43600 41800 1 0 0 diode-1.sym
{
T 44000 42400 5 10 0 0 0 0 1
device=DIODE
T 43900 42300 5 10 1 1 0 0 1
refdes=D?
}
C 43600 41000 1 0 0 diode-1.sym
{
T 44000 41600 5 10 0 0 0 0 1
device=DIODE
T 43900 41500 5 10 1 1 0 0 1
refdes=D?
}
C 44200 50800 1 270 0 lm35.sym
{
T 46500 50500 5 10 0 0 270 0 1
footprint=TO92
T 47100 50500 5 10 0 0 270 0 1
device=LM35CAZ
}
N 46100 49300 46100 48900 4
N 43300 42000 43600 42000 4
N 43300 41200 43600 41200 4
N 41600 42100 41800 42100 4
N 41800 42100 41800 42700 4
N 41800 42700 43500 42700 4
N 43500 42700 43500 42000 4
N 41600 41100 41900 41100 4
N 41900 41100 41900 40600 4
N 41900 40600 43500 40600 4
N 43500 40600 43500 41200 4
C 41800 41300 1 0 0 gnd-1.sym
N 41900 41600 42400 41600 4
N 42400 41200 42400 42000 4
C 45100 41200 1 0 0 lm7805-1.sym
{
T 46700 42500 5 10 0 0 0 0 1
device=7805
T 46500 42200 5 10 1 1 0 6 1
refdes=05
}
C 44700 40600 1 0 0 capacitor-1.sym
{
T 44900 41300 5 10 0 0 0 0 1
device=CAPACITOR
T 45100 41100 5 10 1 1 0 0 1
refdes=470u
T 44900 41500 5 10 0 0 0 0 1
symversion=0.1
}
C 46000 40600 1 0 0 capacitor-1.sym
{
T 46200 41300 5 10 0 0 0 0 1
device=CAPACITOR
T 46200 41100 5 10 1 1 0 0 1
refdes=470u
T 46200 41500 5 10 0 0 0 0 1
symversion=0.1
}
N 44500 41800 45100 41800 4
N 44500 41200 44500 42000 4
C 45800 40500 1 0 0 gnd-1.sym
N 45600 40800 46000 40800 4
N 45900 40800 45900 41200 4
C 44700 40000 1 0 0 capacitor-1.sym
{
T 44900 40700 5 10 0 0 0 0 1
device=CAPACITOR
T 45100 40500 5 10 1 1 0 0 1
refdes=104
T 44900 40900 5 10 0 0 0 0 1
symversion=0.1
}
N 44700 40200 44700 41800 4
N 45600 40200 45600 40800 4
N 46900 40800 46900 41800 4
N 43500 43600 43500 44100 4
N 42100 47600 42100 48000 4
N 42100 48000 43500 48000 4
C 56000 50400 1 180 0 triac-1.sym
{
T 55700 49500 5 10 0 0 180 0 1
device=TRIAC
T 55700 49800 5 10 1 1 180 0 1
refdes=D?
}
C 51900 48700 1 0 0 MOC3011.sym
{
T 52200 50700 5 10 0 0 0 0 1
device=4N25
T 53700 50500 5 10 1 1 0 6 1
refdes=U?
T 52200 50900 5 10 0 0 0 0 1
footprint=DIL 6 300
}
C 51800 48500 1 0 0 gnd-1.sym
C 46100 50100 1 180 0 vcc-1.sym
C 47000 41800 1 0 0 vcc-1.sym
C 51800 49200 1 90 0 resistor-1.sym
{
T 51400 49500 5 10 0 0 90 0 1
device=RESISTOR
T 51500 49400 5 10 1 1 90 0 1
refdes=R?
}
C 54100 50000 1 0 0 resistor-1.sym
{
T 54400 50400 5 10 0 0 0 0 1
device=RESISTOR
T 54300 50300 5 10 1 1 0 0 1
refdes=1k5
}
C 48300 47300 1 180 0 led-1.sym
{
T 47500 46700 5 10 0 0 180 0 1
device=LED
T 47500 46500 5 10 0 0 180 0 1
symversion=0.1
}
N 51700 50100 51900 50100 4
N 51900 49000 51900 48800 4
N 46700 41800 47200 41800 4
C 55400 50500 1 0 0 resistor-2.sym
{
T 55800 50850 5 10 0 0 0 0 1
device=RESISTOR
T 55600 50800 5 10 1 1 0 0 1
refdes=Heater
}
N 55300 49000 55300 49700 4
N 54000 49000 55300 49000 4
N 54000 50100 54100 50100 4
N 56000 49700 56000 50100 4
N 55000 50100 55100 50100 4
N 55100 50100 55100 50600 4
N 55100 50600 55400 50600 4
C 56800 48300 1 90 0 mains-plug-1.sym
{
T 55700 48700 5 10 1 1 90 0 1
refdes=220
T 55500 48700 5 10 0 0 90 0 1
device=MAINS_CONNECTOR
}
N 56600 49700 56600 50600 4
N 56600 50600 56300 50600 4
C 47200 47500 1 180 0 resistor-1.sym
{
T 46900 47100 5 10 0 0 180 0 1
device=RESISTOR
T 47000 47200 5 10 1 1 180 0 1
refdes=150R
}
N 46100 47400 46300 47400 4
N 47200 47400 47400 47400 4
N 47400 47400 47400 47100 4
N 48300 46500 48300 47100 4
C 43600 42700 1 90 0 resistor-1.sym
{
T 43200 43000 5 10 0 0 90 0 1
device=RESISTOR
T 43300 42900 5 10 1 1 90 0 1
refdes=1k2
}
C 43500 43800 1 180 0 resistor-1.sym
{
T 43200 43400 5 10 0 0 180 0 1
device=RESISTOR
T 43300 43500 5 10 1 1 180 0 1
refdes=5k5
}
C 42500 43300 1 0 0 gnd-1.sym
N 42600 43600 42600 43700 4
C 44000 49700 1 0 0 gnd-1.sym
N 44100 50100 44200 50100 4
T 50000 40700 9 10 1 0 0 0 1
Slow cooker
T 50100 40100 9 10 1 0 0 0 1
1
T 51600 40100 9 10 1 0 0 0 1
1
T 54100 40400 9 10 1 0 0 0 1
0.0.1
T 54100 40100 9 10 1 0 0 0 1
Santi PG
C 41300 46200 1 90 0 capacitor-1.sym
{
T 40600 46400 5 10 0 0 90 0 1
device=CAPACITOR
T 40800 46400 5 10 1 1 90 0 1
refdes=104
T 40400 46400 5 10 0 0 90 0 1
symversion=0.1
}
N 41100 47100 41100 47400 4
N 41100 46200 41100 46000 4
N 41100 46000 41500 46000 4
C 50300 42000 1 0 0 LCD-1.sym
{
T 51300 47575 5 10 0 0 0 0 1
device=LCD
}
N 46100 49300 45000 49300 4
N 44100 50100 44100 50000 4
N 45800 50100 45900 50100 4
N 46100 47700 51700 47700 4
N 51700 47700 51700 49200 4
N 43500 44100 40500 44100 4
N 40500 44100 40500 47600 4
N 40500 47600 42100 47600 4
N 46000 45000 48100 45000 4
N 48100 43800 48100 45000 4
N 48100 43800 50300 43800 4
N 46000 45300 47700 45300 4
N 47700 43400 47700 45300 4
N 47700 43500 50300 43500 4
N 46000 45600 47300 45600 4
N 47300 45600 47300 43200 4
N 47300 43200 50300 43200 4
N 46000 45900 46900 45900 4
N 46900 42900 46900 45900 4
N 46900 42900 50300 42900 4
N 46100 46200 48300 46200 4
N 48300 46200 48300 45300 4
N 48300 45300 50300 45300 4
N 43500 45000 43600 45000 4
N 43500 45000 43500 44600 4
N 43500 44600 49300 44600 4
N 49300 44600 49300 45900 4
N 49300 45900 50300 45900 4
N 43500 45300 43200 45300 4
N 43200 44400 43200 45300 4
N 43200 44400 49500 44400 4
N 49500 44400 49500 45600 4
N 49500 45600 50300 45600 4
C 50100 50100 1 90 0 connector7-2.sym
{
T 46800 50800 5 10 1 1 90 6 1
refdes=key matrix
T 46850 50400 5 10 0 0 90 0 1
device=CONNECTOR_7
T 46650 50400 5 10 0 0 90 0 1
footprint=SIP7N
}
N 46100 48000 49700 48000 4
N 49700 48000 49700 50100 4
N 46100 48300 49300 48300 4
N 49300 48300 49300 50100 4
N 46100 48600 48900 48600 4
N 48900 48600 48900 50100 4
P 48500 50000 48500 49800 1 0 0
{
T 48500 50000 5 10 0 0 0 0 1
pintype=unknown
T 48500 49745 5 10 1 1 90 6 1
pinlabel=PD6
T 48450 49895 5 10 1 1 90 0 1
pinnumber=12
T 48500 50000 5 10 0 0 0 0 1
pinseq=0
}
P 48100 50000 48100 49700 1 0 0
{
T 48100 50000 5 10 0 0 0 0 1
pintype=unknown
T 48100 49645 5 10 1 1 90 6 1
pinlabel=PD5
T 48050 49795 5 10 1 1 90 0 1
pinnumber=11
T 48100 50000 5 10 0 0 0 0 1
pinseq=0
}
P 47700 50000 47700 49700 1 0 0
{
T 47700 50100 5 10 0 0 0 0 1
pintype=unknown
T 47700 49645 5 10 1 1 90 6 1
pinlabel=PD4
T 47650 49795 5 10 1 1 90 0 1
pinnumber=6
T 47700 50100 5 10 0 0 0 0 1
pinseq=0
}
P 47300 50000 47300 49800 1 0 0
{
T 47300 50000 5 10 0 0 0 0 1
pintype=unknown
T 47300 49745 5 10 1 1 90 6 1
pinlabel=PD3
T 47250 49895 5 10 1 1 90 0 1
pinnumber=5
T 47300 50000 5 10 0 0 0 0 1
pinseq=0
}
N 47300 50000 47300 50100 4
N 47700 50000 47700 50100 4
N 48100 50000 48100 50100 4
N 48500 50000 48500 50100 4
C 48700 46700 1 270 0 resistor-variable-1.sym
{
T 49600 45900 5 10 0 0 270 0 1
device=VARIABLE_RESISTOR
T 49100 46100 5 10 1 1 270 0 1
refdes=R?
}
N 49300 46200 50300 46200 4
N 48500 46500 48500 45800 4
N 48500 45800 48800 45800 4
C 49100 47100 1 0 0 gnd-1.sym
N 50300 46800 50300 47400 4
N 48800 47400 50300 47400 4
N 48800 47400 48800 46700 4
N 46100 46500 50300 46500 4
C 48000 42100 1 0 0 diode-1.sym
{
T 48400 42700 5 10 0 0 0 0 1
device=DIODE
T 48300 42600 5 10 1 1 0 0 1
refdes=D?
}
N 48900 42300 49000 42300 4
N 49000 42300 49000 42600 4
N 49000 42600 50300 42600 4
N 48000 42300 47700 42300 4
N 47700 42300 47700 41100 4
N 47700 41100 46900 41100 4
C 49300 42000 1 0 0 gnd-1.sym
N 49400 42300 50300 42300 4
